10,95
10,141
10,171
10,117
10,143
10,197
10,17
9,5
8,12
20,3
20,2
20,1
12,3
12,2
12,1
11,30
11,29
11,28
11,27
11,26
11,25
11,24
11,23
19,2
19,1
11,22
11,21
11,20
11,19
11,18
11,17
11,16
11,15
11,14
11,13
11,12
11,10
11,9
11,8
11,7
11,6
11,5
11,4
11,3
19,3
11,2
11,1
10,315
10,314
10,313
10,312
10,311
10,310
10,309
10,308
10,307
10,306
10,292
10,288
10,284
10,277
10,266
10,259
10,251
10,241
10,230
10,199
10,183
10,162
10,112
10,86
10,73
18,1
10,28
18,3
10,27
10,3
14,1
10,2
10,1
9,7
9,6
9,4
9,3
14,3
13,1
9,2
9,1
8,16
13,3
8,14
8,13
8,11
8,10
8,9
8,8
8,7
8,3
8,2
8,1
3,3
3,2
3,1
2,2
2,3
2,1
0,9
0,0
39,34
39,33
39,32
